function cm_data=turbo(m)
cm = [0.189950000000000	0.0717600000000000	0.232170000000000
0.194830000000000	0.0833900000000000	0.261490000000000
0.199560000000000	0.0949800000000000	0.290240000000000
0.204150000000000	0.106520000000000	0.318440000000000
0.208600000000000	0.118020000000000	0.346070000000000
0.212910000000000	0.129470000000000	0.373140000000000
0.217080000000000	0.140870000000000	0.399640000000000
0.221110000000000	0.152230000000000	0.425580000000000
0.225000000000000	0.163540000000000	0.450960000000000
0.228750000000000	0.174810000000000	0.475780000000000
0.232360000000000	0.186030000000000	0.500040000000000
0.235820000000000	0.197200000000000	0.523730000000000
0.239150000000000	0.208330000000000	0.546860000000000
0.242340000000000	0.219410000000000	0.569420000000000
0.245390000000000	0.230440000000000	0.591420000000000
0.248300000000000	0.241430000000000	0.612860000000000
0.251070000000000	0.252370000000000	0.633740000000000
0.253690000000000	0.263270000000000	0.654060000000000
0.256180000000000	0.274120000000000	0.673810000000000
0.258530000000000	0.284920000000000	0.693000000000000
0.260740000000000	0.295680000000000	0.711620000000000
0.262800000000000	0.306390000000000	0.729680000000000
0.264730000000000	0.317060000000000	0.747180000000000
0.266520000000000	0.327680000000000	0.764120000000000
0.268160000000000	0.338250000000000	0.780500000000000
0.269670000000000	0.348780000000000	0.796310000000000
0.271030000000000	0.359260000000000	0.811560000000000
0.272260000000000	0.369700000000000	0.826240000000000
0.273340000000000	0.380080000000000	0.840370000000000
0.274290000000000	0.390430000000000	0.853930000000000
0.275090000000000	0.400720000000000	0.866920000000000
0.275760000000000	0.410970000000000	0.879360000000000
0.276280000000000	0.421180000000000	0.891230000000000
0.276670000000000	0.431340000000000	0.902540000000000
0.276910000000000	0.441450000000000	0.913280000000000
0.277010000000000	0.451520000000000	0.923470000000000
0.276980000000000	0.461530000000000	0.933090000000000
0.276800000000000	0.471510000000000	0.942140000000000
0.276480000000000	0.481440000000000	0.950640000000000
0.276030000000000	0.491320000000000	0.958570000000000
0.275430000000000	0.501150000000000	0.965940000000000
0.274690000000000	0.510940000000000	0.972750000000000
0.273810000000000	0.520690000000000	0.978990000000000
0.272730000000000	0.530400000000000	0.984610000000000
0.271060000000000	0.540150000000000	0.989300000000000
0.268780000000000	0.549950000000000	0.993030000000000
0.265920000000000	0.559790000000000	0.995830000000000
0.262520000000000	0.569670000000000	0.997730000000000
0.258620000000000	0.579580000000000	0.998760000000000
0.254250000000000	0.589500000000000	0.998960000000000
0.249460000000000	0.599430000000000	0.998350000000000
0.244270000000000	0.609370000000000	0.996970000000000
0.238740000000000	0.619310000000000	0.994850000000000
0.232880000000000	0.629230000000000	0.992020000000000
0.226760000000000	0.639130000000000	0.988510000000000
0.220390000000000	0.649010000000000	0.984360000000000
0.213820000000000	0.658860000000000	0.979590000000000
0.207080000000000	0.668660000000000	0.974230000000000
0.200210000000000	0.678420000000000	0.968330000000000
0.193260000000000	0.688120000000000	0.961900000000000
0.186250000000000	0.697750000000000	0.954980000000000
0.179230000000000	0.707320000000000	0.947610000000000
0.172230000000000	0.716800000000000	0.939810000000000
0.165290000000000	0.726200000000000	0.931610000000000
0.158440000000000	0.735510000000000	0.923050000000000
0.151730000000000	0.744720000000000	0.914160000000000
0.145190000000000	0.753810000000000	0.904960000000000
0.138860000000000	0.762790000000000	0.895500000000000
0.132780000000000	0.771650000000000	0.885800000000000
0.126980000000000	0.780370000000000	0.875900000000000
0.121510000000000	0.788960000000000	0.865810000000000
0.116390000000000	0.797400000000000	0.855590000000000
0.111670000000000	0.805690000000000	0.845250000000000
0.107380000000000	0.813810000000000	0.834840000000000
0.103570000000000	0.821770000000000	0.824370000000000
0.100260000000000	0.829550000000000	0.813890000000000
0.0975000000000000	0.837140000000000	0.803420000000000
0.0953200000000000	0.844550000000000	0.792990000000000
0.0937700000000000	0.851750000000000	0.782640000000000
0.0928700000000000	0.858750000000000	0.772400000000000
0.0926700000000000	0.865540000000000	0.762300000000000
0.0932000000000000	0.872110000000000	0.752370000000000
0.0945100000000000	0.878440000000000	0.742650000000000
0.0966200000000000	0.884540000000000	0.733160000000000
0.0995800000000000	0.890400000000000	0.723930000000000
0.103420000000000	0.896000000000000	0.715000000000000
0.108150000000000	0.901420000000000	0.705990000000000
0.113740000000000	0.906730000000000	0.696510000000000
0.120140000000000	0.911930000000000	0.686600000000000
0.127330000000000	0.917010000000000	0.676270000000000
0.135260000000000	0.921970000000000	0.665560000000000
0.143910000000000	0.926800000000000	0.654480000000000
0.153230000000000	0.931510000000000	0.643080000000000
0.163190000000000	0.936090000000000	0.631370000000000
0.173770000000000	0.940530000000000	0.619380000000000
0.184910000000000	0.944840000000000	0.607130000000000
0.196590000000000	0.949010000000000	0.594660000000000
0.208770000000000	0.953040000000000	0.581990000000000
0.221420000000000	0.956920000000000	0.569140000000000
0.234490000000000	0.960650000000000	0.556140000000000
0.247970000000000	0.964230000000000	0.543030000000000
0.261800000000000	0.967650000000000	0.529810000000000
0.275970000000000	0.970920000000000	0.516530000000000
0.290420000000000	0.974030000000000	0.503210000000000
0.305130000000000	0.976970000000000	0.489870000000000
0.320060000000000	0.979740000000000	0.476540000000000
0.335170000000000	0.982340000000000	0.463250000000000
0.350430000000000	0.984770000000000	0.450020000000000
0.365810000000000	0.987020000000000	0.436880000000000
0.381270000000000	0.989090000000000	0.423860000000000
0.396780000000000	0.990980000000000	0.410980000000000
0.412290000000000	0.992680000000000	0.398260000000000
0.427780000000000	0.994190000000000	0.385750000000000
0.443210000000000	0.995510000000000	0.373450000000000
0.458540000000000	0.996630000000000	0.361400000000000
0.473750000000000	0.997550000000000	0.349630000000000
0.488790000000000	0.998280000000000	0.338160000000000
0.503620000000000	0.998790000000000	0.327010000000000
0.518220000000000	0.999100000000000	0.316220000000000
0.532550000000000	0.999190000000000	0.305810000000000
0.546580000000000	0.999070000000000	0.295810000000000
0.560260000000000	0.998730000000000	0.286230000000000
0.573570000000000	0.998170000000000	0.277120000000000
0.586460000000000	0.997390000000000	0.268490000000000
0.598910000000000	0.996380000000000	0.260380000000000
0.610880000000000	0.995140000000000	0.252800000000000
0.622330000000000	0.993660000000000	0.245790000000000
0.633230000000000	0.991950000000000	0.239370000000000
0.643620000000000	0.989990000000000	0.233560000000000
0.653940000000000	0.987750000000000	0.228350000000000
0.664280000000000	0.985240000000000	0.223700000000000
0.674620000000000	0.982460000000000	0.219600000000000
0.684940000000000	0.979410000000000	0.216020000000000
0.695250000000000	0.976100000000000	0.212940000000000
0.705530000000000	0.972550000000000	0.210320000000000
0.715770000000000	0.968750000000000	0.208150000000000
0.725960000000000	0.964700000000000	0.206400000000000
0.736100000000000	0.960430000000000	0.205040000000000
0.746170000000000	0.955930000000000	0.204060000000000
0.756170000000000	0.951210000000000	0.203430000000000
0.766080000000000	0.946270000000000	0.203110000000000
0.775910000000000	0.941130000000000	0.203100000000000
0.785630000000000	0.935790000000000	0.203360000000000
0.795240000000000	0.930250000000000	0.203860000000000
0.804730000000000	0.924520000000000	0.204590000000000
0.814100000000000	0.918610000000000	0.205520000000000
0.823330000000000	0.912530000000000	0.206630000000000
